0.0001 0.083 5e-14 10000000.0 50000.0 0.9 0.3 0.6 96
13.615035079137098 0.00040474835132388575
13.67906474405875 0.0009276374449536623
13.793631405546652 0.0014174793317309365
13.95769111272212 0.0018570149068969303
14.169715249065543 0.0022330733711160814
14.427724962539527 0.002536629867924551
14.729311541156155 0.002763045989222329
15.071659257522107 0.0029119437587484215
15.451571753218467 0.0029867408317417092
15.86550191396201 0.002993934854483794
16.3095850004174 0.002942244660945388
16.77967473766216 0.0028417155896214626
17.27138203045971 0.0027028809558736224
17.780115944424505 0.0025360471491509807
18.301126571102532 0.002350741724270975
18.829549377045876 0.002155337226882746
19.360450622954122 0.0019568418363993503
19.888873428897465 0.0017608329823993278
20.409884055575493 0.0015715020847201144
20.91861796954029 0.0013917765439826289
21.41032526233784 0.001223487513610585
21.880414999582598 0.001067557108691832
22.324498086037988 0.0009241850217373898
22.73842824678153 0.00079302085106216
23.11834074247789 0.0006733140468554026
23.46068845884384 0.0005640378603463213
23.76227503746047 0.0004639869504895295
24.020284750934454 0.0003718504649100652
24.232308887277878 0.00028626370654626234
24.396368594453346 0.00020584242389505247
24.51093525594125 0.00012920728161911713
24.5749649208629 5.507730784739993e-05
24.630809500514985 1.636103788663108e-05
24.804604305302323 3.815881329755119e-05
25.115570957912343 6.0161048892315634e-05
25.560875877388614 8.242588434867559e-05
26.136369961749335 0.00010502363483598688
26.83668204117872 0.00012800550591583434
27.65527418313814 0.0001513956060889316
28.58450369898858 0.0001751838441707175
29.61569475873584 0.0001993186283742312
30.73921948075403 0.00022369940605627568
31.944587858275803 0.00024816931598294
33.22054571651157 0.00027250837801461557
34.555179796962065 0.0002964277888586617
35.936028992009376 0.0003195660261718789
37.350200692992594 0.0003414875718502137
38.78449116626739 0.000361685127855703
40.22550883373262 0.00037958619029615406
41.65979930700741 0.00039456474545307294
43.07397100799063 0.00040595863468740115
44.45482020303794 0.00041309279208364964
45.78945428348843 0.00041530809183903874
47.0654121417242 0.0004119949730267791
48.270780519245974 0.00040263038031046716
49.39430524126416 0.0003868159346372581
50.42549630101142 0.0003643147090328667
51.354725816861865 0.0003350836206913248
52.173317958821286 0.0002992983469215909
52.87363003825067 0.00025736789884428496
53.449124122611394 0.0002099366028544352
53.894429042087665 0.000157872440780442
54.205395694697685 0.00010224462840120734
54.37919049948502 4.4352391538864425e-05
54.48235658845032 5.538860442792767e-07
54.74791365188334 1.3069680891750325e-06
55.223068195160735 2.1039733774480012e-06
55.90349052937892 2.969988927336516e-06
56.78284086009168 3.933104429741948e-06
57.85291208303474 5.024221149327155e-06
59.103714289890604 6.277534483902351e-06
60.52356951390881 7.730848505413249e-06
62.099221156660406 9.425560560468676e-06
63.815957892483034 1.1406144925225987e-05
65.6577510754345 1.3718922888724199e-05
67.60740441698283 1.6409868063305907e-05
69.64671455399032 1.9521175976595314e-05
71.75664101427381 2.308634523643363e-05
73.91748399552807 2.7123597527933133e-05
76.10906829897645 3.1627631011355154e-05
78.31093170102356 3.6559977628923243e-05
80.50251600447194 4.1838626477114524e-05
82.6633589857262 4.7328062836117994e-05
84.7732854460097 5.283139576289941e-05
86.81259558301718 5.8086698341836147e-05
88.76224892456551 6.276991130796248e-05
90.60404210751697 6.650648824042814e-05
92.32077884333961 6.889323643610097e-05
93.8964304860912 6.953046352513457e-05
95.31628571010941 6.806265603340742e-05
96.56708791696528 6.422376335793428e-05
97.63715913990833 5.7881192966360335e-05
98.51650947062109 4.907140353736447e-05
99.19693180483928 3.802007874685729e-05
99.67208634811668 2.5142120660918005e-05
99.93764341154969 1.1034152943976057e-05
